$ANSIBLE_VAULT;1.1;AES256
65633064616238663339386262336362646666346637393132343932326263323432613531643939
3838343463366331653931333366663162343861396135650a633835643835616232643839636134
31656636643666306666623363303432616532363834643066653564626132363365383737386432
3362623133306636380a333431383036353439613139666437663638326331346339653265343762
38653465363933316135656364353935306464366633363631616465306565333734633530623564
37353333653163363431646265336434346561303530366335313863646235383937356535346532
36663163353662323665346164306631346463313532356332646530623766626438643037636266
30323965666564323136616632313663373139303333306463333730353666363861323030326430
30626665623665336562323439653164666636393034613639663363383063653231356536653562
37646665363932306630346663343835616662373032363936303661346232396139303932336332
32613530656262653565663866613038393631623961333637653838623631326632643362383439
36316133633866373261316532373933303465633139313836333639396638666661343531343238
34323736373463623331386461373064646638366437633135303038393465613932666335613133
38643835613237346136373132373130356561346464656435646331636631333030363338623432
64636465336663613261343236363431343366306639353231373565623230613138353338373962
62393963373636663937666365313164343137316664383933386433393138393064373137326166
64346231343032663331633532323165663766366634636233336663303165656637393965656363
33333438383665366330303431393831663861633634363333373266626538626631633936313735
66316635376531353965626536623064306430616335636261663538636531623966613137316237
62323761613836396135343931656435303932383230306332356535316635386235633364616661
66633132366362313663303836346431393535653765393866646537393564386236386461323030
61323830303731373536353438373962383061613635316365623736333261623939616366306136
61633539666132656466653566656466616135343764323464666638646238623864326336353165
65636465366538633364633663353232643866343064643539623331626662663034373061643933
39303063656666363163333439353966373938363334616536633139336563643232303362333836
36386434633866643330353563333662613666313339363733653363316364386564303362353230
64613234653133643132343862373362616234656239373061613839653238656238623235623239
32643362666232386534316164626466313134616463303534656164366564363565366239646437
39643964343366323563323465326131383165616365396436643535336566326464623637316463
33326231343664386134373435623437383861383437633837326638376637396534663030303230
65623962306361633864353031326261363034346536356432353561663363643734653466396337
61653931316636636635636330316632396331616236356562663961363631343963323264646532
30336634333235653533656562376536346363373030393439626464323831623866376339393936
61386563623365313430306266313965316532653862343337343834663162633463656538326537
62356463393232663738666565363330346633363937663935623735633930316634613661636430
63333237633563363130386632303163656262633432656665356262393865373437373031323334
31396536363833303831613966376537313039663631373434353037666630633634383963323333
35316261663665633536383637376263356331396138376638353861373633616134616531653032
39333335373331373135346638616366326666303366356632643764393239303531613732313264
65663861656638393738333363653163613138616664633064323765303763373230383462646331
64666263656435313463616131303632646662613765323563643930646333316237613338383134
35363838666238363336336430613364316531663463353239653331396431326563336162346239
66313465643263303261653334373438653738663931616162373664633235383066386235383232
34396365303130333165643961636166393032323632383930306636633039333937623438313561
64323461613939393933613230343032333766633537666136616665653937313764396536646632
30316561303862663732636462316562353934613262373365366666653538666630636566356462
38656261353336313339663933323037326465616161303130356136613365363965383235343764
32306635383661346361323562643834663465323963653363353136316233643833316436303439
3832
